# Acridine Orange (free dye, basic ethanol) - emission
# Free-dye-in-organic-solvent spectrum only - see acridineorange_abs.txt note.
# Raw units: arbitrary fluorescence intensity, peak ~1,231,641 AU at ~520 nm.
# Normalized here to peak=1.0.
# Source: PhotochemCAD 2.1a via OMLC (Du/Fuh/Li/Corkan/Lindsey), munged by S. Prahl.
# https://omlc.org/spectra/PhotochemCAD/html/032.html
# wavelength_nm   value (normalized, peak=1.0)
410.00	0.003314
410.50	0.002017
411.00	0.001952
411.50	0.002074
412.00	0.002128
412.50	0.002225
413.00	0.002337
413.50	0.002372
414.00	0.002457
414.50	0.002601
415.00	0.002632
415.50	0.002725
416.00	0.002776
416.50	0.002774
417.00	0.002774
417.50	0.002841
418.00	0.002875
418.50	0.002932
419.00	0.002958
419.50	0.003177
420.00	0.003297
420.50	0.003442
421.00	0.003590
421.50	0.003763
422.00	0.004008
422.50	0.004121
423.00	0.004373
423.50	0.004360
424.00	0.004514
424.50	0.004611
425.00	0.004558
425.50	0.004446
426.00	0.004682
426.50	0.004691
427.00	0.004818
427.50	0.004837
428.00	0.005076
428.50	0.005414
429.00	0.005496
429.50	0.005747
430.00	0.005909
430.50	0.006077
431.00	0.006394
431.50	0.006667
432.00	0.006927
432.50	0.007368
433.00	0.007471
433.50	0.007823
434.00	0.008117
434.50	0.008302
435.00	0.008753
435.50	0.009176
436.00	0.009121
436.50	0.009707
437.00	0.009901
437.50	0.010286
438.00	0.010527
438.50	0.010899
439.00	0.011144
439.50	0.011547
440.00	0.011954
440.50	0.012267
441.00	0.012750
441.50	0.013157
442.00	0.013417
442.50	0.013891
443.00	0.014335
443.50	0.014797
444.00	0.014979
444.50	0.015682
445.00	0.015924
445.50	0.016631
446.00	0.017098
446.50	0.017983
447.00	0.018470
447.50	0.019598
448.00	0.020102
448.50	0.021888
449.00	0.022761
449.50	0.024412
450.00	0.025037
450.50	0.026600
451.00	0.027196
451.50	0.028368
452.00	0.029089
452.50	0.029620
453.00	0.029785
453.50	0.030208
454.00	0.030005
454.50	0.030508
455.00	0.031070
455.50	0.031213
456.00	0.031850
456.50	0.032617
457.00	0.033785
457.50	0.035432
458.00	0.037001
458.50	0.038605
459.00	0.039452
459.50	0.041265
460.00	0.042610
460.50	0.044828
461.00	0.046859
461.50	0.049272
462.00	0.050310
462.50	0.052634
463.00	0.054567
463.50	0.057112
464.00	0.059183
464.50	0.061731
465.00	0.064222
465.50	0.067555
466.00	0.069991
466.50	0.074259
467.00	0.076523
467.50	0.081447
468.00	0.084566
468.50	0.088991
469.00	0.092529
469.50	0.098758
470.00	0.101580
470.50	0.107435
471.00	0.111300
471.50	0.119606
472.00	0.123270
472.50	0.130193
473.00	0.135042
473.50	0.144121
474.00	0.149030
474.50	0.158821
475.00	0.164611
475.50	0.174399
476.00	0.180705
476.50	0.190849
477.00	0.199250
477.50	0.211218
478.00	0.218001
478.50	0.228732
479.00	0.238961
479.50	0.252091
480.00	0.260431
480.50	0.273977
481.00	0.284291
481.50	0.298999
482.00	0.309249
482.50	0.324654
483.00	0.334240
483.50	0.349733
484.00	0.359007
484.50	0.374455
485.00	0.386312
485.50	0.400426
486.00	0.410284
486.50	0.423711
487.00	0.436144
487.50	0.453096
488.00	0.461635
488.50	0.477861
489.00	0.486901
489.50	0.502702
490.00	0.513832
490.50	0.529878
491.00	0.540811
491.50	0.558557
492.00	0.566689
492.50	0.584622
493.00	0.595333
493.50	0.611483
494.00	0.620130
494.50	0.635825
495.00	0.644694
495.50	0.661096
496.00	0.672116
496.50	0.684885
497.00	0.695294
497.50	0.712199
498.00	0.721222
498.50	0.734864
499.00	0.744673
499.50	0.761078
500.00	0.767051
500.50	0.781270
501.00	0.790286
501.50	0.806833
502.00	0.811677
502.50	0.824802
503.00	0.833067
503.50	0.846824
504.00	0.851950
504.50	0.864232
505.00	0.872175
505.50	0.881484
506.00	0.888381
506.50	0.898089
507.00	0.901908
507.50	0.913204
508.00	0.919058
508.50	0.923197
509.00	0.930701
509.50	0.938166
510.00	0.941551
510.50	0.945638
511.00	0.951060
511.50	0.954449
512.00	0.960233
512.50	0.966765
513.00	0.969000
513.50	0.970558
514.00	0.973086
514.50	0.979495
515.00	0.981963
515.50	0.984098
516.00	0.986183
516.50	0.991808
517.00	0.992939
517.50	0.993598
518.00	0.993389
518.50	0.995160
519.00	0.997364
519.50	0.999244
520.00	0.999484
520.50	0.996092
521.00	0.997878
521.50	1.000000
522.00	0.997426
522.50	0.998167
523.00	0.997200
523.50	0.995868
524.00	0.996160
524.50	0.992810
525.00	0.992344
525.50	0.989564
526.00	0.990397
526.50	0.986254
527.00	0.985775
527.50	0.980757
528.00	0.981670
528.50	0.977290
529.00	0.973954
529.50	0.970601
530.00	0.968347
530.50	0.964367
531.00	0.960054
531.50	0.954818
532.00	0.954282
532.50	0.948520
533.00	0.946794
533.50	0.940087
534.00	0.940809
534.50	0.933779
535.00	0.931221
535.50	0.927139
536.00	0.920191
536.50	0.918586
537.00	0.915535
537.50	0.910925
538.00	0.905157
538.50	0.900870
539.00	0.898226
539.50	0.891835
540.00	0.886996
540.50	0.881130
541.00	0.876668
541.50	0.870945
542.00	0.868591
542.50	0.860990
543.00	0.856247
543.50	0.851347
544.00	0.848343
544.50	0.841757
545.00	0.835996
545.50	0.829170
546.00	0.824097
546.50	0.818575
547.00	0.814516
547.50	0.806934
548.00	0.801769
548.50	0.797174
549.00	0.792369
549.50	0.785792
550.00	0.782293
550.50	0.775205
551.00	0.768366
551.50	0.759626
552.00	0.757135
552.50	0.749894
553.00	0.741265
553.50	0.737025
554.00	0.731319
554.50	0.725690
555.00	0.718788
555.50	0.710320
556.00	0.709274
556.50	0.702733
557.00	0.699525
557.50	0.688704
558.00	0.686161
558.50	0.680592
559.00	0.674182
559.50	0.664975
560.00	0.664393
560.50	0.656476
561.00	0.653307
561.50	0.643005
562.00	0.641321
562.50	0.634509
563.00	0.631230
563.50	0.619780
564.00	0.617596
564.50	0.609996
565.00	0.606315
565.50	0.599146
566.00	0.594839
566.50	0.587313
567.00	0.585807
567.50	0.575142
568.00	0.574559
568.50	0.567985
569.00	0.564596
569.50	0.556026
570.00	0.553202
570.50	0.546164
571.00	0.543388
571.50	0.538158
572.00	0.532881
572.50	0.526235
573.00	0.521395
573.50	0.516064
574.00	0.509932
574.50	0.503726
575.00	0.500304
575.50	0.493357
576.00	0.490625
576.50	0.484774
577.00	0.478239
577.50	0.473423
578.00	0.469833
578.50	0.461995
579.00	0.456881
579.50	0.451081
580.00	0.447134
580.50	0.442613
581.00	0.439848
581.50	0.433777
582.00	0.429352
582.50	0.424275
583.00	0.420971
583.50	0.414584
584.00	0.412498
584.50	0.407940
585.00	0.404482
585.50	0.398174
586.00	0.395784
586.50	0.389869
587.00	0.387185
587.50	0.379484
588.00	0.379210
588.50	0.372849
589.00	0.367360
589.50	0.364584
590.00	0.361447
590.50	0.356224
591.00	0.353326
591.50	0.347577
592.00	0.344978
592.50	0.340906
593.00	0.339325
593.50	0.331959
594.00	0.330532
594.50	0.325287
595.00	0.323052
595.50	0.317990
596.00	0.315311
596.50	0.311505
597.00	0.308773
597.50	0.302759
598.00	0.300077
598.50	0.296614
599.00	0.293172
599.50	0.288772
600.00	0.287071
600.50	0.282862
601.00	0.280564
601.50	0.275309
602.00	0.272577
602.50	0.268638
603.00	0.266168
603.50	0.261877
604.00	0.259491
604.50	0.255176
605.00	0.254012
605.50	0.250610
606.00	0.247383
606.50	0.245384
607.00	0.241108
607.50	0.237978
608.00	0.236156
608.50	0.233841
609.00	0.232152
609.50	0.227557
610.00	0.224978
610.50	0.222411
611.00	0.219813
611.50	0.214506
612.00	0.214336
612.50	0.212378
613.00	0.209604
613.50	0.207327
614.00	0.204331
614.50	0.201337
615.00	0.199379
615.50	0.196556
616.00	0.195031
616.50	0.191505
617.00	0.190770
617.50	0.188892
618.00	0.186737
618.50	0.182122
619.00	0.182167
619.50	0.178071
620.00	0.177912
620.50	0.174901
621.00	0.173791
621.50	0.170749
622.00	0.169592
622.50	0.166166
623.00	0.165251
623.50	0.163280
624.00	0.161416
624.50	0.158909
625.00	0.156211
625.50	0.153771
626.00	0.153380
626.50	0.149065
627.00	0.148003
627.50	0.145380
628.00	0.144895
628.50	0.142467
629.00	0.140590
629.50	0.139485
630.00	0.138781
630.50	0.135206
631.00	0.134137
631.50	0.132239
632.00	0.131905
632.50	0.130198
633.00	0.129345
633.50	0.126552
634.00	0.126573
634.50	0.124099
635.00	0.122372
635.50	0.120141
636.00	0.119557
636.50	0.118349
637.00	0.116653
637.50	0.116147
638.00	0.113388
638.50	0.111116
639.00	0.111006
639.50	0.109050
640.00	0.107870
640.50	0.106502
641.00	0.105467
641.50	0.103719
642.00	0.102008
642.50	0.102618
643.00	0.100451
643.50	0.098823
644.00	0.099119
644.50	0.096844
645.00	0.095297
645.50	0.094089
646.00	0.093876
646.50	0.092878
647.00	0.091567
647.50	0.090872
648.00	0.088446
648.50	0.087714
649.00	0.086494
649.50	0.085289
650.00	0.084442
650.50	0.082818
651.00	0.081694
651.50	0.080492
652.00	0.079332
652.50	0.078590
653.00	0.079284
653.50	0.077940
654.00	0.077259
654.50	0.076153
655.00	0.074182
655.50	0.072825
656.00	0.073310
656.50	0.071825
657.00	0.070866
657.50	0.070631
658.00	0.069821
658.50	0.070230
659.00	0.067474
659.50	0.066675
660.00	0.066185
660.50	0.064881
661.00	0.065435
661.50	0.063405
662.00	0.063272
662.50	0.061288
663.00	0.061945
663.50	0.061310
664.00	0.059615
664.50	0.058939
665.00	0.057452
665.50	0.057653
666.00	0.057084
666.50	0.055398
667.00	0.056053
667.50	0.054542
668.00	0.055173
668.50	0.054915
669.00	0.053369
669.50	0.052433
670.00	0.053042
670.50	0.051103
671.00	0.051559
671.50	0.049999
672.00	0.049559
672.50	0.049756
673.00	0.048487
673.50	0.047478
674.00	0.048060
674.50	0.046492
675.00	0.045809
675.50	0.044996
676.00	0.045075
676.50	0.045550
677.00	0.044916
677.50	0.044260
678.00	0.043087
678.50	0.042730
679.00	0.041434
679.50	0.042326
680.00	0.041310
680.50	0.040176
681.00	0.040219
681.50	0.039343
682.00	0.038857
682.50	0.039124
683.00	0.038105
683.50	0.037333
684.00	0.038104
684.50	0.036888
685.00	0.037206
685.50	0.035817
686.00	0.036118
686.50	0.035802
687.00	0.035389
687.50	0.034590
688.00	0.035055
688.50	0.034184
689.00	0.033716
689.50	0.032842
690.00	0.032998
690.50	0.033076
691.00	0.031861
691.50	0.031195
692.00	0.032207
692.50	0.031181
693.00	0.031236
693.50	0.030488
694.00	0.030154
694.50	0.029938
695.00	0.029368
695.50	0.028963
696.00	0.029003
696.50	0.029057
697.00	0.028479
697.50	0.027385
698.00	0.026864
698.50	0.026673
699.00	0.026608
699.50	0.026932
700.00	0.026631
700.50	0.026027
701.00	0.025845
701.50	0.025018
702.00	0.025484
702.50	0.024695
703.00	0.025653
703.50	0.023997
704.00	0.024108
704.50	0.025022
705.00	0.024350
705.50	0.024092
706.00	0.023803
706.50	0.022882
707.00	0.023024
707.50	0.022519
708.00	0.022525
708.50	0.022049
709.00	0.022438
709.50	0.022046
710.00	0.021801
710.50	0.021289
711.00	0.021252
711.50	0.021414
712.00	0.020158
712.50	0.020909
713.00	0.020014
713.50	0.020098
714.00	0.019577
714.50	0.019986
715.00	0.020304
715.50	0.018997
716.00	0.018574
716.50	0.019264
717.00	0.019543
717.50	0.018444
718.00	0.018741
718.50	0.019223
719.00	0.018412
719.50	0.018006
720.00	0.017392
720.50	0.017469
721.00	0.017443
721.50	0.017141
722.00	0.017168
722.50	0.016731
723.00	0.017121
723.50	0.016834
724.00	0.016144
724.50	0.016503
725.00	0.016726
725.50	0.016496
726.00	0.016424
726.50	0.016020
727.00	0.015608
727.50	0.015668
728.00	0.015776
728.50	0.015155
729.00	0.015543
729.50	0.015500
730.00	0.014975
730.50	0.014589
731.00	0.015243
731.50	0.015297
732.00	0.014494
732.50	0.014712
733.00	0.014226
733.50	0.013584
734.00	0.013727
734.50	0.013897
735.00	0.013511
735.50	0.013686
736.00	0.013915
736.50	0.014163
737.00	0.013009
737.50	0.012953
738.00	0.013197
738.50	0.013305
739.00	0.013450
739.50	0.013849
740.00	0.012607
740.50	0.012911
741.00	0.013399
741.50	0.012360
742.00	0.012232
742.50	0.012432
743.00	0.012623
743.50	0.012570
744.00	0.013069
744.50	0.011856
745.00	0.011485
745.50	0.011663
746.00	0.012267
746.50	0.011709
747.00	0.011756
747.50	0.011999
748.00	0.012160
748.50	0.011419
749.00	0.010888
749.50	0.011233
750.00	0.011158
