# ATTO 488 - absorption
# Official ATTO-TEC / Leica Microsystems measured spectrum, PBS pH 7.4.
# Peak 1.000 at 500.0 nm.
# Source: https://www.leica-microsystems.com/products/consumables/ (ATTO dye downloads)
250.0	0.346
250.5	0.346
251.0	0.345
251.5	0.343
252.0	0.341
252.5	0.338
253.0	0.334
253.5	0.330
254.0	0.325
254.5	0.320
255.0	0.314
255.5	0.307
256.0	0.299
256.5	0.290
257.0	0.280
257.5	0.270
258.0	0.259
258.5	0.248
259.0	0.237
259.5	0.227
260.0	0.217
260.5	0.208
261.0	0.200
261.5	0.193
262.0	0.186
262.5	0.181
263.0	0.176
263.5	0.172
264.0	0.169
264.5	0.166
265.0	0.163
265.5	0.160
266.0	0.157
266.5	0.154
267.0	0.151
267.5	0.147
268.0	0.144
268.5	0.140
269.0	0.136
269.5	0.131
270.0	0.127
270.5	0.123
271.0	0.119
271.5	0.115
272.0	0.112
272.5	0.108
273.0	0.105
273.5	0.103
274.0	0.100
274.5	0.098
275.0	0.096
275.5	0.094
276.0	0.092
276.5	0.091
277.0	0.089
277.5	0.088
278.0	0.088
278.5	0.087
279.0	0.087
279.5	0.087
280.0	0.087
280.5	0.088
281.0	0.089
281.5	0.089
282.0	0.089
282.5	0.090
283.0	0.091
283.5	0.092
284.0	0.093
284.5	0.094
285.0	0.095
285.5	0.096
286.0	0.098
286.5	0.099
287.0	0.101
287.5	0.102
288.0	0.103
288.5	0.105
289.0	0.107
289.5	0.108
290.0	0.109
290.5	0.111
291.0	0.113
291.5	0.115
292.0	0.116
292.5	0.117
293.0	0.119
293.5	0.122
294.0	0.124
294.5	0.126
295.0	0.128
295.5	0.130
296.0	0.132
296.5	0.134
297.0	0.136
297.5	0.138
298.0	0.140
298.5	0.142
299.0	0.144
299.5	0.146
300.0	0.148
300.5	0.150
301.0	0.152
301.5	0.153
302.0	0.155
302.5	0.157
303.0	0.158
303.5	0.160
304.0	0.161
304.5	0.162
305.0	0.163
305.5	0.164
306.0	0.166
306.5	0.167
307.0	0.167
307.5	0.168
308.0	0.168
308.5	0.169
309.0	0.168
309.5	0.168
310.0	0.168
310.5	0.167
311.0	0.166
311.5	0.165
312.0	0.164
312.5	0.162
313.0	0.160
313.5	0.158
314.0	0.155
314.5	0.152
315.0	0.149
315.5	0.146
316.0	0.142
316.5	0.139
317.0	0.135
317.5	0.131
318.0	0.128
318.5	0.124
319.0	0.121
319.5	0.117
320.0	0.113
320.5	0.110
321.0	0.106
321.5	0.103
322.0	0.099
322.5	0.095
323.0	0.092
323.5	0.089
324.0	0.085
324.5	0.083
325.0	0.080
325.5	0.077
326.0	0.075
326.5	0.073
327.0	0.072
327.5	0.070
328.0	0.069
328.5	0.069
329.0	0.069
329.5	0.068
330.0	0.068
330.5	0.068
331.0	0.068
331.5	0.068
332.0	0.069
332.5	0.070
333.0	0.070
333.5	0.070
334.0	0.071
334.5	0.071
335.0	0.071
335.5	0.072
336.0	0.072
336.5	0.072
337.0	0.072
337.5	0.072
338.0	0.072
338.5	0.072
339.0	0.071
339.5	0.071
340.0	0.071
340.5	0.070
341.0	0.069
341.5	0.069
342.0	0.068
342.5	0.068
343.0	0.067
343.5	0.066
344.0	0.066
344.5	0.065
345.0	0.064
345.5	0.062
346.0	0.061
346.5	0.060
347.0	0.059
347.5	0.058
348.0	0.056
348.5	0.055
349.0	0.054
349.5	0.053
350.0	0.052
350.5	0.050
351.0	0.049
351.5	0.048
352.0	0.047
352.5	0.045
353.0	0.044
353.5	0.043
354.0	0.042
354.5	0.041
355.0	0.040
355.5	0.039
356.0	0.039
356.5	0.038
357.0	0.037
357.5	0.036
358.0	0.035
358.5	0.034
359.0	0.033
359.5	0.033
360.0	0.032
360.5	0.032
361.0	0.031
361.5	0.031
362.0	0.030
362.5	0.030
363.0	0.029
363.5	0.029
364.0	0.029
364.5	0.028
365.0	0.027
365.5	0.027
366.0	0.027
366.5	0.027
367.0	0.026
367.5	0.026
368.0	0.026
368.5	0.026
369.0	0.025
369.5	0.025
370.0	0.025
370.5	0.025
371.0	0.024
371.5	0.024
372.0	0.024
372.5	0.023
373.0	0.023
373.5	0.023
374.0	0.023
374.5	0.023
375.0	0.022
375.5	0.022
376.0	0.022
376.5	0.022
377.0	0.022
377.5	0.021
378.0	0.021
378.5	0.021
379.0	0.021
379.5	0.020
380.0	0.020
380.5	0.020
381.0	0.020
381.5	0.020
382.0	0.020
382.5	0.020
383.0	0.019
383.5	0.019
384.0	0.019
384.5	0.019
385.0	0.018
385.5	0.018
386.0	0.018
386.5	0.018
387.0	0.017
387.5	0.017
388.0	0.017
388.5	0.017
389.0	0.017
389.5	0.016
390.0	0.016
390.5	0.016
391.0	0.016
391.5	0.016
392.0	0.016
392.5	0.016
393.0	0.016
393.5	0.016
394.0	0.016
394.5	0.016
395.0	0.015
395.5	0.015
396.0	0.015
396.5	0.015
397.0	0.015
397.5	0.015
398.0	0.014
398.5	0.014
399.0	0.014
399.5	0.014
400.0	0.014
400.5	0.014
401.0	0.014
401.5	0.014
402.0	0.015
402.5	0.015
403.0	0.015
403.5	0.015
404.0	0.015
404.5	0.015
405.0	0.015
405.5	0.015
406.0	0.015
406.5	0.015
407.0	0.015
407.5	0.015
408.0	0.015
408.5	0.016
409.0	0.016
409.5	0.016
410.0	0.016
410.5	0.016
411.0	0.016
411.5	0.017
412.0	0.017
412.5	0.017
413.0	0.018
413.5	0.018
414.0	0.018
414.5	0.019
415.0	0.019
415.5	0.019
416.0	0.020
416.5	0.020
417.0	0.021
417.5	0.021
418.0	0.021
418.5	0.022
419.0	0.023
419.5	0.023
420.0	0.024
420.5	0.025
421.0	0.025
421.5	0.026
422.0	0.028
422.5	0.028
423.0	0.029
423.5	0.030
424.0	0.031
424.5	0.032
425.0	0.033
425.5	0.034
426.0	0.035
426.5	0.036
427.0	0.037
427.5	0.038
428.0	0.039
428.5	0.040
429.0	0.042
429.5	0.043
430.0	0.044
430.5	0.045
431.0	0.047
431.5	0.048
432.0	0.049
432.5	0.051
433.0	0.052
433.5	0.053
434.0	0.055
434.5	0.056
435.0	0.058
435.5	0.059
436.0	0.060
436.5	0.062
437.0	0.064
437.5	0.065
438.0	0.067
438.5	0.069
439.0	0.071
439.5	0.073
440.0	0.074
440.5	0.076
441.0	0.078
441.5	0.080
442.0	0.082
442.5	0.084
443.0	0.086
443.5	0.088
444.0	0.090
444.5	0.093
445.0	0.095
445.5	0.098
446.0	0.100
446.5	0.103
447.0	0.106
447.5	0.109
448.0	0.112
448.5	0.115
449.0	0.119
449.5	0.122
450.0	0.126
450.5	0.130
451.0	0.134
451.5	0.139
452.0	0.144
452.5	0.149
453.0	0.153
453.5	0.158
454.0	0.163
454.5	0.168
455.0	0.174
455.5	0.179
456.0	0.184
456.5	0.190
457.0	0.196
457.5	0.202
458.0	0.208
458.5	0.214
459.0	0.220
459.5	0.226
460.0	0.233
460.5	0.239
461.0	0.245
461.5	0.252
462.0	0.258
462.5	0.264
463.0	0.270
463.5	0.277
464.0	0.283
464.5	0.289
465.0	0.294
465.5	0.300
466.0	0.305
466.5	0.310
467.0	0.315
467.5	0.320
468.0	0.325
468.5	0.329
469.0	0.333
469.5	0.337
470.0	0.341
470.5	0.345
471.0	0.349
471.5	0.353
472.0	0.357
472.5	0.361
473.0	0.365
473.5	0.369
474.0	0.373
474.5	0.378
475.0	0.383
475.5	0.388
476.0	0.393
476.5	0.399
477.0	0.405
477.5	0.412
478.0	0.419
478.5	0.426
479.0	0.433
479.5	0.442
480.0	0.450
480.5	0.460
481.0	0.470
481.5	0.480
482.0	0.492
482.5	0.504
483.0	0.516
483.5	0.529
484.0	0.543
484.5	0.558
485.0	0.573
485.5	0.588
486.0	0.604
486.5	0.621
487.0	0.637
487.5	0.654
488.0	0.672
488.5	0.689
489.0	0.707
489.5	0.725
490.0	0.744
490.5	0.762
491.0	0.780
491.5	0.798
492.0	0.816
492.5	0.834
493.0	0.852
493.5	0.869
494.0	0.886
494.5	0.902
495.0	0.917
495.5	0.932
496.0	0.945
496.5	0.957
497.0	0.968
497.5	0.978
498.0	0.985
498.5	0.992
499.0	0.996
499.5	0.999
500.0	1.000
500.5	0.999
501.0	0.996
501.5	0.991
502.0	0.984
502.5	0.974
503.0	0.963
503.5	0.949
504.0	0.934
504.5	0.916
505.0	0.897
505.5	0.875
506.0	0.853
506.5	0.828
507.0	0.803
507.5	0.776
508.0	0.749
508.5	0.721
509.0	0.692
509.5	0.663
510.0	0.634
510.5	0.604
511.0	0.575
511.5	0.546
512.0	0.517
512.5	0.489
513.0	0.461
513.5	0.434
514.0	0.408
514.5	0.383
515.0	0.358
515.5	0.335
516.0	0.312
516.5	0.291
517.0	0.271
517.5	0.252
518.0	0.234
518.5	0.217
519.0	0.201
519.5	0.186
520.0	0.172
520.5	0.159
521.0	0.147
521.5	0.135
522.0	0.125
522.5	0.115
523.0	0.106
523.5	0.097
524.0	0.089
524.5	0.082
525.0	0.075
525.5	0.069
526.0	0.064
526.5	0.059
527.0	0.054
527.5	0.050
528.0	0.046
528.5	0.042
529.0	0.039
529.5	0.036
530.0	0.033
530.5	0.030
531.0	0.028
531.5	0.026
532.0	0.024
532.5	0.022
533.0	0.021
533.5	0.019
534.0	0.018
534.5	0.017
535.0	0.015
535.5	0.014
536.0	0.013
536.5	0.012
537.0	0.011
537.5	0.010
538.0	0.010
538.5	0.009
539.0	0.009
539.5	0.008
540.0	0.008
540.5	0.008
541.0	0.007
541.5	0.007
542.0	0.006
542.5	0.006
543.0	0.006
543.5	0.006
544.0	0.005
544.5	0.005
545.0	0.005
545.5	0.005
546.0	0.005
546.5	0.005
547.0	0.005
547.5	0.004
548.0	0.004
548.5	0.004
549.0	0.004
549.5	0.004
550.0	0.004
550.5	0.004
551.0	0.004
551.5	0.004
552.0	0.003
552.5	0.003
553.0	0.003
553.5	0.003
554.0	0.003
554.5	0.002
555.0	0.002
555.5	0.002
556.0	0.002
556.5	0.002
557.0	0.002
557.5	0.002
558.0	0.002
558.5	0.002
559.0	0.002
559.5	0.002
560.0	0.001
560.5	0.001
561.0	0.001
561.5	0.001
562.0	0.001
562.5	0.001
563.0	0.001
563.5	0.002
564.0	0.002
564.5	0.002
565.0	0.002
565.5	0.001
566.0	0.001
566.5	0.001
567.0	0.001
567.5	0.001
568.0	0.001
568.5	0.001
569.0	0.002
569.5	0.002
570.0	0.002
570.5	0.002
571.0	0.002
571.5	0.001
572.0	0.001
572.5	0.001
573.0	0.001
573.5	0.001
574.0	0.001
574.5	0.001
575.0	0.001
575.5	0.001
576.0	0.001
576.5	0.001
577.0	0.001
577.5	0.001
578.0	0.001
578.5	0.001
579.0	0.001
579.5	0.001
580.0	0.001
580.5	0.001
581.0	0.001
581.5	0.001
582.0	0.001
582.5	0.001
583.0	0.001
583.5	0.001
584.0	0.001
584.5	0.001
585.0	0.001
585.5	0.001
586.0	0.001
586.5	0.001
587.0	0.001
587.5	0.001
588.0	0.001
588.5	0.001
589.0	0.001
589.5	0.001
590.0	0.001
590.5	0.001
591.0	0.001
591.5	0.001
592.0	0.001
592.5	0.001
593.0	0.001
593.5	0.001
594.0	0.001
594.5	0.001
595.0	0.001
595.5	0.001
596.0	0.001
596.5	0.001
597.0	0.001
597.5	0.001
598.0	0.001
598.5	0.001
599.0	0.001
599.5	0.001
600.0	0.001
600.5	0.001
601.0	0.001
601.5	0.001
602.0	0.001
602.5	0.001
603.0	0.001
603.5	0.001
604.0	0.001
604.5	0.001
605.0	0.000
605.5	0.000
606.0	0.000
606.5	0.000
607.0	0.000
607.5	0.001
608.0	0.001
608.5	0.001
609.0	0.001
609.5	0.001
610.0	0.001
610.5	0.001
611.0	0.001
611.5	0.001
612.0	0.001
612.5	0.001
613.0	0.001
613.5	0.001
614.0	0.001
614.5	0.001
615.0	0.001
