# ATTO 488 - emission
# Official ATTO-TEC / Leica Microsystems measured spectrum, PBS pH 7.4.
# Peak 1.000 at 520.0 nm.
# Source: https://www.leica-microsystems.com/products/consumables/ (ATTO dye downloads)
450.0	0.000
450.5	0.000
451.0	0.000
451.5	0.000
452.0	0.000
452.5	0.000
453.0	0.000
453.5	0.000
454.0	0.000
454.5	0.000
455.0	0.000
455.5	0.000
456.0	0.000
456.5	0.000
457.0	0.000
457.5	0.000
458.0	0.000
458.5	0.000
459.0	0.000
459.5	0.000
460.0	0.000
460.5	0.000
461.0	0.000
461.5	0.000
462.0	0.000
462.5	0.000
463.0	0.000
463.5	0.000
464.0	0.000
464.5	0.000
465.0	0.000
465.5	0.000
466.0	0.000
466.5	0.000
467.0	0.000
467.5	0.000
468.0	0.000
468.5	0.000
469.0	0.000
469.5	0.000
470.0	0.000
470.5	0.000
471.0	0.000
471.5	0.000
472.0	0.000
472.5	0.000
473.0	0.000
473.5	0.000
474.0	0.000
474.5	0.000
475.0	0.001
475.5	0.001
476.0	0.001
476.5	0.001
477.0	0.001
477.5	0.001
478.0	0.001
478.5	0.001
479.0	0.001
479.5	0.002
480.0	0.002
480.5	0.002
481.0	0.002
481.5	0.002
482.0	0.003
482.5	0.003
483.0	0.004
483.5	0.004
484.0	0.004
484.5	0.005
485.0	0.006
485.5	0.007
486.0	0.007
486.5	0.008
487.0	0.010
487.5	0.011
488.0	0.012
488.5	0.014
489.0	0.016
489.5	0.018
490.0	0.020
490.5	0.022
491.0	0.025
491.5	0.029
492.0	0.032
492.5	0.036
493.0	0.040
493.5	0.045
494.0	0.051
494.5	0.057
495.0	0.063
495.5	0.071
496.0	0.079
496.5	0.087
497.0	0.098
497.5	0.108
498.0	0.119
498.5	0.133
499.0	0.147
499.5	0.160
500.0	0.178
500.5	0.194
501.0	0.209
501.5	0.230
502.0	0.249
502.5	0.269
503.0	0.292
503.5	0.314
504.0	0.337
504.5	0.365
505.0	0.390
505.5	0.418
506.0	0.445
506.5	0.471
507.0	0.502
507.5	0.527
508.0	0.556
508.5	0.585
509.0	0.610
509.5	0.639
510.0	0.672
510.5	0.697
511.0	0.724
511.5	0.754
512.0	0.776
512.5	0.796
513.0	0.820
513.5	0.840
514.0	0.862
514.5	0.881
515.0	0.897
515.5	0.919
516.0	0.932
516.5	0.946
517.0	0.958
517.5	0.968
518.0	0.976
518.5	0.985
519.0	0.990
519.5	0.995
520.0	1.000
520.5	0.997
521.0	0.994
521.5	0.995
522.0	0.997
522.5	0.994
523.0	0.987
523.5	0.988
524.0	0.986
524.5	0.978
525.0	0.967
525.5	0.957
526.0	0.944
526.5	0.936
527.0	0.929
527.5	0.919
528.0	0.911
528.5	0.898
529.0	0.885
529.5	0.873
530.0	0.857
530.5	0.846
531.0	0.836
531.5	0.823
532.0	0.808
532.5	0.794
533.0	0.782
533.5	0.769
534.0	0.753
534.5	0.741
535.0	0.727
535.5	0.714
536.0	0.703
536.5	0.689
537.0	0.676
537.5	0.666
538.0	0.651
538.5	0.637
539.0	0.624
539.5	0.614
540.0	0.604
540.5	0.591
541.0	0.580
541.5	0.568
542.0	0.559
542.5	0.547
543.0	0.537
543.5	0.528
544.0	0.522
544.5	0.512
545.0	0.502
545.5	0.493
546.0	0.487
546.5	0.477
547.0	0.470
547.5	0.462
548.0	0.457
548.5	0.449
549.0	0.441
549.5	0.436
550.0	0.429
550.5	0.425
551.0	0.418
551.5	0.412
552.0	0.406
552.5	0.402
553.0	0.396
553.5	0.392
554.0	0.388
554.5	0.380
555.0	0.376
555.5	0.371
556.0	0.368
556.5	0.362
557.0	0.358
557.5	0.353
558.0	0.348
558.5	0.344
559.0	0.340
559.5	0.336
560.0	0.331
560.5	0.327
561.0	0.322
561.5	0.318
562.0	0.314
562.5	0.309
563.0	0.306
563.5	0.301
564.0	0.296
564.5	0.293
565.0	0.289
565.5	0.286
566.0	0.282
566.5	0.278
567.0	0.272
567.5	0.268
568.0	0.264
568.5	0.261
569.0	0.256
569.5	0.252
570.0	0.248
570.5	0.243
571.0	0.240
571.5	0.235
572.0	0.231
572.5	0.227
573.0	0.224
573.5	0.220
574.0	0.215
574.5	0.213
575.0	0.208
575.5	0.205
576.0	0.200
576.5	0.196
577.0	0.191
577.5	0.188
578.0	0.185
578.5	0.182
579.0	0.177
579.5	0.175
580.0	0.170
580.5	0.168
581.0	0.163
581.5	0.160
582.0	0.157
582.5	0.153
583.0	0.150
583.5	0.147
584.0	0.145
584.5	0.142
585.0	0.139
585.5	0.136
586.0	0.134
586.5	0.130
587.0	0.128
587.5	0.125
588.0	0.122
588.5	0.120
589.0	0.117
589.5	0.114
590.0	0.111
590.5	0.110
591.0	0.108
591.5	0.105
592.0	0.103
592.5	0.101
593.0	0.100
593.5	0.098
594.0	0.095
594.5	0.093
595.0	0.092
595.5	0.089
596.0	0.087
596.5	0.087
597.0	0.085
597.5	0.083
598.0	0.081
598.5	0.080
599.0	0.079
599.5	0.077
600.0	0.075
600.5	0.074
601.0	0.073
601.5	0.072
602.0	0.070
602.5	0.069
603.0	0.067
603.5	0.066
604.0	0.065
604.5	0.064
605.0	0.062
605.5	0.061
606.0	0.061
606.5	0.059
607.0	0.059
607.5	0.058
608.0	0.056
608.5	0.055
609.0	0.055
609.5	0.054
610.0	0.053
610.5	0.053
611.0	0.051
611.5	0.051
612.0	0.050
612.5	0.049
613.0	0.048
613.5	0.047
614.0	0.047
614.5	0.046
615.0	0.046
615.5	0.044
616.0	0.043
616.5	0.043
617.0	0.042
617.5	0.042
618.0	0.041
618.5	0.040
619.0	0.040
619.5	0.039
620.0	0.038
620.5	0.038
621.0	0.037
621.5	0.037
622.0	0.036
622.5	0.035
623.0	0.035
623.5	0.034
624.0	0.033
624.5	0.032
625.0	0.032
625.5	0.032
626.0	0.031
626.5	0.031
627.0	0.030
627.5	0.030
628.0	0.029
628.5	0.028
629.0	0.028
629.5	0.028
630.0	0.027
630.5	0.027
631.0	0.026
631.5	0.026
632.0	0.025
632.5	0.025
633.0	0.024
633.5	0.024
634.0	0.023
634.5	0.023
635.0	0.022
635.5	0.022
636.0	0.022
636.5	0.021
637.0	0.021
637.5	0.021
638.0	0.020
638.5	0.020
639.0	0.019
639.5	0.019
640.0	0.019
640.5	0.018
641.0	0.018
641.5	0.018
642.0	0.017
642.5	0.017
643.0	0.016
643.5	0.016
644.0	0.016
644.5	0.016
645.0	0.015
645.5	0.015
646.0	0.015
646.5	0.015
647.0	0.015
647.5	0.014
648.0	0.014
648.5	0.014
649.0	0.013
649.5	0.013
650.0	0.012
650.5	0.013
651.0	0.012
651.5	0.012
652.0	0.012
652.5	0.011
653.0	0.011
653.5	0.011
654.0	0.011
654.5	0.011
655.0	0.011
655.5	0.011
656.0	0.011
656.5	0.010
657.0	0.010
657.5	0.009
658.0	0.009
658.5	0.009
659.0	0.009
659.5	0.009
660.0	0.009
660.5	0.009
661.0	0.008
661.5	0.008
662.0	0.008
662.5	0.008
663.0	0.008
663.5	0.008
664.0	0.008
664.5	0.008
665.0	0.007
665.5	0.007
666.0	0.007
666.5	0.007
667.0	0.007
667.5	0.007
668.0	0.007
668.5	0.007
669.0	0.007
669.5	0.007
670.0	0.006
670.5	0.006
671.0	0.006
671.5	0.006
672.0	0.006
672.5	0.006
673.0	0.006
673.5	0.006
674.0	0.006
674.5	0.005
675.0	0.005
675.5	0.005
676.0	0.005
676.5	0.005
677.0	0.005
677.5	0.005
678.0	0.005
678.5	0.005
679.0	0.005
679.5	0.005
680.0	0.005
680.5	0.005
681.0	0.005
681.5	0.005
682.0	0.004
682.5	0.004
683.0	0.004
683.5	0.004
684.0	0.004
684.5	0.004
685.0	0.004
685.5	0.004
686.0	0.004
686.5	0.004
687.0	0.004
687.5	0.004
688.0	0.004
688.5	0.004
689.0	0.004
689.5	0.003
690.0	0.003
690.5	0.003
691.0	0.003
691.5	0.003
692.0	0.003
692.5	0.003
693.0	0.003
693.5	0.003
694.0	0.003
694.5	0.003
695.0	0.003
695.5	0.003
696.0	0.003
696.5	0.003
697.0	0.003
697.5	0.003
698.0	0.003
698.5	0.003
699.0	0.003
699.5	0.003
700.0	0.003
700.5	0.003
701.0	0.002
701.5	0.002
702.0	0.002
702.5	0.002
703.0	0.002
703.5	0.002
704.0	0.002
704.5	0.002
705.0	0.002
705.5	0.002
706.0	0.002
706.5	0.002
707.0	0.002
707.5	0.002
708.0	0.002
708.5	0.002
709.0	0.002
709.5	0.002
710.0	0.002
710.5	0.002
711.0	0.002
711.5	0.002
712.0	0.002
712.5	0.002
713.0	0.002
713.5	0.002
714.0	0.002
714.5	0.002
715.0	0.001
715.5	0.002
716.0	0.001
716.5	0.002
717.0	0.001
717.5	0.002
718.0	0.001
718.5	0.001
719.0	0.001
719.5	0.001
720.0	0.001
720.5	0.001
721.0	0.001
721.5	0.001
722.0	0.001
722.5	0.001
723.0	0.001
723.5	0.001
724.0	0.001
724.5	0.001
725.0	0.001
725.5	0.001
726.0	0.001
726.5	0.001
727.0	0.001
727.5	0.001
728.0	0.001
728.5	0.001
729.0	0.001
729.5	0.001
730.0	0.001
730.5	0.001
731.0	0.001
731.5	0.001
732.0	0.001
732.5	0.001
733.0	0.001
733.5	0.001
734.0	0.001
734.5	0.001
735.0	0.001
735.5	0.001
736.0	0.001
736.5	0.001
737.0	0.001
737.5	0.001
738.0	0.001
738.5	0.001
739.0	0.001
739.5	0.001
740.0	0.001
740.5	0.001
741.0	0.001
741.5	0.001
742.0	0.001
742.5	0.001
743.0	0.001
743.5	0.001
744.0	0.001
744.5	0.001
745.0	0.001
745.5	0.001
746.0	0.001
746.5	0.001
747.0	0.001
747.5	0.001
748.0	0.000
748.5	0.001
749.0	0.001
749.5	0.001
750.0	0.001
750.5	0.001
751.0	0.001
751.5	0.001
752.0	0.001
752.5	0.000
753.0	0.000
753.5	0.000
754.0	0.000
754.5	0.000
755.0	0.000
755.5	0.000
756.0	0.001
756.5	0.001
757.0	0.000
757.5	0.001
758.0	0.000
758.5	0.000
759.0	0.000
759.5	0.000
760.0	0.000
760.5	0.000
761.0	0.001
761.5	0.000
762.0	0.000
762.5	0.000
763.0	0.000
763.5	0.000
764.0	0.000
764.5	0.000
765.0	0.000
765.5	0.000
766.0	0.001
766.5	0.000
767.0	0.000
767.5	0.000
768.0	0.000
768.5	0.000
769.0	0.000
769.5	0.000
770.0	0.000
770.5	0.000
771.0	0.000
771.5	0.000
772.0	0.000
772.5	0.001
773.0	0.000
773.5	0.000
774.0	0.000
774.5	0.000
775.0	0.000
775.5	0.000
776.0	0.000
776.5	0.000
777.0	0.000
777.5	0.000
778.0	0.000
778.5	0.000
779.0	0.000
779.5	0.000
780.0	0.000
780.5	0.000
781.0	0.000
781.5	0.000
782.0	0.000
782.5	0.000
783.0	0.000
783.5	0.000
784.0	0.000
784.5	0.000
785.0	0.000
785.5	0.000
786.0	0.000
786.5	0.000
787.0	0.000
787.5	0.000
788.0	0.000
788.5	0.000
789.0	0.000
789.5	0.000
790.0	0.000
790.5	0.000
791.0	0.000
791.5	0.000
792.0	0.000
792.5	0.000
793.0	0.000
793.5	0.000
794.0	0.000
794.5	0.000
795.0	0.000
795.5	0.000
796.0	0.000
796.5	0.000
797.0	0.000
797.5	0.000
798.0	0.000
798.5	0.000
799.0	0.000
799.5	0.000
800.0	0.000
800.5	0.000
801.0	0.000
801.5	0.000
802.0	0.000
802.5	0.000
803.0	0.000
803.5	0.000
804.0	0.000
804.5	0.000
805.0	0.000
805.5	0.000
806.0	0.000
806.5	0.000
807.0	0.000
807.5	0.000
808.0	0.000
808.5	0.000
809.0	0.000
809.5	0.000
810.0	0.000
810.5	0.000
811.0	0.000
811.5	0.000
812.0	0.000
812.5	0.000
813.0	0.000
813.5	0.000
814.0	0.000
814.5	0.000
815.0	0.000
815.5	0.000
816.0	0.000
816.5	0.000
817.0	0.000
817.5	0.000
818.0	0.000
818.5	0.000
819.0	0.000
819.5	0.000
820.0	0.000
820.5	0.000
821.0	0.000
821.5	0.000
822.0	0.000
822.5	0.000
823.0	0.000
823.5	0.000
824.0	0.000
824.5	0.000
825.0	0.000
825.5	0.000
826.0	0.000
826.5	0.000
827.0	0.000
827.5	0.000
828.0	0.000
828.5	0.000
829.0	0.000
829.5	0.000
830.0	0.000
830.5	0.000
831.0	0.000
831.5	0.000
832.0	0.000
832.5	0.000
833.0	0.000
833.5	0.000
834.0	0.000
834.5	0.000
835.0	0.000
835.5	0.000
836.0	0.000
836.5	0.000
837.0	0.000
837.5	0.000
838.0	0.000
838.5	0.000
839.0	0.000
839.5	0.000
840.0	0.000
840.5	0.000
841.0	0.000
841.5	0.000
842.0	0.000
842.5	0.000
843.0	0.000
843.5	0.000
844.0	0.000
844.5	0.000
845.0	0.000
845.5	0.000
846.0	0.000
846.5	0.000
847.0	0.000
847.5	0.000
848.0	0.000
848.5	0.000
849.0	0.000
849.5	0.000
850.0	0.000
