# FITC (proxy: parent fluorescein chromophore, basic ethanol) - emission
# Proxy spectrum: see fitc_abs.txt note. Solvent is basic ethanol, not aqueous buffer.
# Raw units: arbitrary fluorescence intensity, peak ~1,340,402 AU at ~520 nm.
# Normalized here to peak=1.0.
# Source: PhotochemCAD 2.1a via OMLC (Du/Fuh/Li/Corkan/Lindsey), munged by S. Prahl.
# https://omlc.org/spectra/PhotochemCAD/html/037.html
# wavelength_nm   value (normalized, peak=1.0)
480.00	0.000110
480.50	0.000111
481.00	0.000116
481.50	0.000104
482.00	0.000110
482.50	0.000090
483.00	0.000157
483.50	0.000131
484.00	0.000194
484.50	0.000219
485.00	0.000244
485.50	0.000291
486.00	0.000346
486.50	0.000427
487.00	0.000457
487.50	0.000539
488.00	0.000563
488.50	0.000606
489.00	0.000692
489.50	0.000752
490.00	0.000733
490.50	0.000842
491.00	0.000895
491.50	0.000924
492.00	0.001019
492.50	0.001176
493.00	0.001185
493.50	0.001291
494.00	0.001341
494.50	0.001412
495.00	0.001559
495.50	0.001697
496.00	0.001710
496.50	0.001979
497.00	0.002193
497.50	0.002440
498.00	0.002574
498.50	0.002969
499.00	0.003226
499.50	0.003580
500.00	0.003885
500.50	0.004402
501.00	0.004810
501.50	0.005587
502.00	0.005954
502.50	0.006682
503.00	0.007152
503.50	0.008227
504.00	0.008613
504.50	0.009705
505.00	0.010321
505.50	0.012084
506.00	0.012416
506.50	0.014179
507.00	0.015442
507.50	0.017696
508.00	0.018895
508.50	0.020816
509.00	0.023664
509.50	0.026276
510.00	0.028262
510.50	0.031834
511.00	0.035147
511.50	0.039445
512.00	0.042714
512.50	0.047304
513.00	0.052067
513.50	0.058605
514.00	0.063404
514.50	0.070345
515.00	0.076370
515.50	0.087307
516.00	0.093447
516.50	0.103874
517.00	0.111706
517.50	0.125929
518.00	0.134022
518.50	0.148406
519.00	0.159574
519.50	0.177897
520.00	0.188100
520.50	0.207605
521.00	0.221462
521.50	0.245261
522.00	0.259311
522.50	0.283851
523.00	0.302297
523.50	0.330746
524.00	0.348713
524.50	0.373210
525.00	0.399976
525.50	0.430387
526.00	0.451165
526.50	0.483268
527.00	0.511172
527.50	0.544239
528.00	0.563737
528.50	0.598802
529.00	0.624692
529.50	0.658952
530.00	0.680878
530.50	0.713814
531.00	0.736316
531.50	0.769913
532.00	0.787488
532.50	0.813011
533.00	0.834045
533.50	0.862271
534.00	0.871934
534.50	0.894423
535.00	0.910078
535.50	0.928765
536.00	0.939081
536.50	0.954369
537.00	0.962974
537.50	0.975550
538.00	0.980822
538.50	0.989514
539.00	0.992240
539.50	0.997129
540.00	1.000000
540.50	0.999631
541.00	0.998888
541.50	0.996221
542.00	0.996576
542.50	0.989364
543.00	0.985919
543.50	0.975430
544.00	0.968979
544.50	0.960709
545.00	0.951460
545.50	0.939654
546.00	0.932341
546.50	0.915932
547.00	0.908961
547.50	0.891045
548.00	0.885266
548.50	0.862734
549.00	0.856751
549.50	0.832870
550.00	0.827943
550.50	0.807508
551.00	0.794645
551.50	0.775499
552.00	0.763618
552.50	0.747083
553.00	0.732941
553.50	0.712009
554.00	0.702625
554.50	0.686044
555.00	0.670100
555.50	0.653073
556.00	0.644336
556.50	0.628588
557.00	0.615166
557.50	0.597621
558.00	0.590732
558.50	0.578305
559.00	0.566896
559.50	0.552293
560.00	0.542545
560.50	0.529969
561.00	0.519667
561.50	0.507181
562.00	0.500374
562.50	0.489216
563.00	0.478326
563.50	0.465984
564.00	0.459520
564.50	0.450293
565.00	0.441097
565.50	0.431023
566.00	0.426121
566.50	0.417875
567.00	0.412825
567.50	0.402343
568.00	0.397799
568.50	0.391200
569.00	0.385712
569.50	0.379051
570.00	0.373561
570.50	0.367200
571.00	0.364636
571.50	0.357241
572.00	0.354297
572.50	0.350516
573.00	0.347166
573.50	0.339700
574.00	0.336635
574.50	0.333881
575.00	0.332186
575.50	0.327951
576.00	0.322881
576.50	0.320514
577.00	0.317764
577.50	0.313889
578.00	0.311255
578.50	0.309068
579.00	0.305675
579.50	0.302398
580.00	0.302432
580.50	0.298332
581.00	0.295381
581.50	0.293212
582.00	0.290931
582.50	0.288557
583.00	0.285253
583.50	0.283048
584.00	0.281636
584.50	0.279318
585.00	0.276828
585.50	0.273127
586.00	0.271016
586.50	0.267180
587.00	0.263722
587.50	0.259988
588.00	0.258480
588.50	0.255602
589.00	0.251847
589.50	0.248826
590.00	0.246442
590.50	0.241830
591.00	0.238652
591.50	0.235796
592.00	0.232809
592.50	0.229847
593.00	0.226658
593.50	0.221631
594.00	0.219489
594.50	0.214404
595.00	0.213100
595.50	0.208384
596.00	0.206395
596.50	0.201644
597.00	0.198697
597.50	0.194541
598.00	0.192056
598.50	0.188273
599.00	0.185400
599.50	0.179062
600.00	0.176929
600.50	0.174154
601.00	0.170585
601.50	0.166700
602.00	0.162771
602.50	0.159933
603.00	0.155571
603.50	0.153259
604.00	0.150005
604.50	0.147213
605.00	0.144118
605.50	0.140329
606.00	0.138596
606.50	0.136184
607.00	0.133831
607.50	0.129994
608.00	0.128570
608.50	0.125213
609.00	0.123967
609.50	0.118320
610.00	0.118163
610.50	0.114618
611.00	0.112678
611.50	0.108985
612.00	0.108050
612.50	0.104830
613.00	0.102820
613.50	0.100788
614.00	0.098867
614.50	0.096716
615.00	0.094858
615.50	0.092805
616.00	0.091423
616.50	0.089556
617.00	0.086896
617.50	0.085169
618.00	0.084545
618.50	0.081856
619.00	0.080362
619.50	0.078598
620.00	0.078148
620.50	0.075768
621.00	0.075366
621.50	0.073441
622.00	0.072970
622.50	0.071159
623.00	0.069261
623.50	0.068087
624.00	0.066970
624.50	0.065292
625.00	0.063871
625.50	0.062917
626.00	0.061595
626.50	0.060339
627.00	0.059958
627.50	0.057476
628.00	0.057185
628.50	0.057001
629.00	0.056258
629.50	0.055075
630.00	0.054590
630.50	0.053762
631.00	0.052660
631.50	0.051326
632.00	0.051846
632.50	0.051126
633.00	0.050527
633.50	0.048814
634.00	0.048687
634.50	0.047868
635.00	0.047198
635.50	0.046541
636.00	0.045157
636.50	0.044898
637.00	0.044469
637.50	0.043403
638.00	0.043339
638.50	0.042234
639.00	0.041648
639.50	0.041419
640.00	0.041173
640.50	0.040534
641.00	0.039446
641.50	0.039710
642.00	0.039140
642.50	0.038170
643.00	0.037615
643.50	0.037283
644.00	0.036458
644.50	0.036151
645.00	0.035798
645.50	0.034337
646.00	0.035178
646.50	0.034188
647.00	0.033697
647.50	0.032999
648.00	0.033296
648.50	0.032076
649.00	0.031417
649.50	0.029755
650.00	0.030624
650.50	0.029264
651.00	0.029668
651.50	0.029044
652.00	0.028480
652.50	0.028117
653.00	0.028147
653.50	0.027257
654.00	0.026976
654.50	0.026135
655.00	0.025886
655.50	0.025599
656.00	0.025177
656.50	0.024570
657.00	0.024502
657.50	0.023711
658.00	0.023098
658.50	0.022689
659.00	0.023091
659.50	0.022730
660.00	0.021935
660.50	0.021319
661.00	0.020876
661.50	0.021103
662.00	0.020158
662.50	0.019678
663.00	0.019135
663.50	0.018715
664.00	0.018844
664.50	0.018057
665.00	0.017734
665.50	0.017853
666.00	0.017461
666.50	0.017111
667.00	0.016773
667.50	0.016224
668.00	0.015883
668.50	0.015811
669.00	0.015909
669.50	0.015022
670.00	0.015129
670.50	0.014879
671.00	0.014242
671.50	0.013903
672.00	0.013779
672.50	0.013489
673.00	0.013905
673.50	0.012889
674.00	0.012578
674.50	0.012025
675.00	0.012019
675.50	0.011697
676.00	0.011410
676.50	0.011579
677.00	0.011297
677.50	0.011463
678.00	0.010768
678.50	0.010877
679.00	0.010432
679.50	0.010420
680.00	0.010161
680.50	0.009884
681.00	0.009733
681.50	0.008777
682.00	0.009274
682.50	0.008913
683.00	0.008864
683.50	0.008648
684.00	0.008600
684.50	0.008101
685.00	0.007728
685.50	0.007828
686.00	0.008118
686.50	0.007491
687.00	0.007681
687.50	0.006873
688.00	0.007056
688.50	0.006946
689.00	0.006997
689.50	0.006742
690.00	0.006612
690.50	0.006461
691.00	0.006972
691.50	0.006495
692.00	0.006347
692.50	0.005832
693.00	0.005864
693.50	0.005671
694.00	0.005659
694.50	0.005485
695.00	0.005295
695.50	0.005383
696.00	0.005157
696.50	0.005304
697.00	0.005147
697.50	0.004805
698.00	0.004702
698.50	0.004822
699.00	0.004833
699.50	0.004514
700.00	0.004553
