# FITC (proxy: parent fluorescein chromophore, basic ethanol) - absorption
# Proxy spectrum: the isothiocyanate group that makes FITC does not sit on
# the fluorescein chromophore ring, so this is a close approximation, not
# an FITC-specific measurement. Solvent is basic ethanol, not aqueous buffer.
# Raw units: molar extinction coefficient (M^-1 cm^-1), peak eps=92300 at 500.25 nm.
# Normalized here to peak=1.0.
# Source: PhotochemCAD 2.1a via OMLC (Du/Fuh/Li/Corkan/Lindsey), munged by S. Prahl.
# https://omlc.org/spectra/PhotochemCAD/html/037.html
# wavelength_nm   value (normalized, peak=1.0)
219.75	0.318938
220.00	0.318158
220.25	0.319014
220.50	0.317194
220.75	0.316869
221.00	0.317237
221.25	0.315688
221.50	0.313239
221.75	0.310087
222.00	0.313066
222.25	0.312438
222.50	0.311170
222.75	0.313608
223.00	0.310011
223.25	0.309902
223.50	0.308223
223.75	0.312015
224.00	0.310910
224.25	0.308321
224.50	0.307367
224.75	0.306392
225.00	0.307010
225.25	0.309166
225.50	0.310098
225.75	0.309837
226.00	0.310661
226.25	0.311235
226.50	0.310899
226.75	0.312925
227.00	0.314518
227.25	0.315092
227.50	0.315731
227.75	0.316024
228.00	0.316739
228.25	0.318602
228.50	0.322546
228.75	0.323369
229.00	0.324388
229.25	0.325352
229.50	0.327508
229.75	0.329978
230.00	0.332741
230.25	0.333413
230.50	0.334973
230.75	0.336685
231.00	0.339458
231.25	0.338115
231.50	0.343283
231.75	0.345298
232.00	0.348212
232.25	0.349686
232.50	0.352633
232.75	0.354995
233.00	0.356999
233.25	0.361777
233.50	0.365439
233.75	0.368364
234.00	0.369307
234.25	0.373218
234.50	0.377920
234.75	0.382264
235.00	0.385666
235.25	0.391062
235.50	0.398927
235.75	0.401842
236.00	0.408776
236.25	0.412817
236.50	0.417140
236.75	0.422145
237.00	0.425840
237.25	0.430477
237.50	0.433575
237.75	0.436024
238.00	0.437595
238.25	0.442080
238.50	0.442589
238.75	0.445515
239.00	0.446165
239.25	0.450921
239.50	0.450271
239.75	0.452340
240.00	0.450141
240.25	0.450628
240.50	0.451398
240.75	0.450217
241.00	0.450726
241.25	0.449003
241.50	0.447714
241.75	0.445081
242.00	0.444713
242.25	0.441127
242.50	0.439588
242.75	0.435406
243.00	0.433153
243.25	0.431484
243.50	0.427768
243.75	0.423792
244.00	0.419307
244.25	0.414832
244.50	0.410412
244.75	0.403304
245.00	0.397768
245.25	0.393239
245.50	0.386598
245.75	0.380791
246.00	0.372654
246.25	0.364810
246.50	0.356446
246.75	0.350119
247.00	0.340455
247.25	0.332817
247.50	0.323315
247.75	0.317432
248.00	0.308581
248.25	0.297909
248.50	0.289068
248.75	0.282633
249.00	0.274030
249.25	0.265125
249.50	0.257378
249.75	0.251398
250.00	0.243532
250.25	0.238202
250.50	0.230943
250.75	0.225385
251.00	0.220379
251.25	0.214908
251.50	0.208104
251.75	0.205038
252.00	0.200802
252.25	0.197194
252.50	0.193283
252.75	0.189426
253.00	0.185872
253.25	0.183510
253.50	0.181853
253.75	0.178895
254.00	0.176771
254.25	0.173846
254.50	0.171073
254.75	0.170585
255.00	0.169577
255.25	0.168895
255.50	0.167465
255.75	0.167616
256.00	0.165601
256.25	0.163803
256.50	0.163911
256.75	0.163034
257.00	0.162134
257.25	0.161809
257.50	0.160542
257.75	0.160076
258.00	0.159902
258.25	0.158516
258.50	0.159231
258.75	0.158960
259.00	0.158776
259.25	0.158072
259.50	0.157898
259.75	0.157736
260.00	0.157291
260.25	0.155948
260.50	0.155861
260.75	0.155558
261.00	0.154735
261.25	0.155027
261.50	0.154150
261.75	0.155309
262.00	0.154810
262.25	0.154052
262.50	0.153727
262.75	0.153120
263.00	0.152503
263.25	0.151560
263.50	0.150163
263.75	0.150249
264.00	0.149978
264.25	0.148711
264.50	0.147053
264.75	0.147476
265.00	0.145948
265.25	0.144572
265.50	0.143543
265.75	0.141939
266.00	0.141668
266.25	0.141029
266.50	0.139729
266.75	0.139296
267.00	0.136891
267.25	0.137595
267.50	0.135601
267.75	0.134269
268.00	0.134713
268.25	0.133499
268.50	0.131777
268.75	0.131744
269.00	0.130618
269.25	0.130477
269.50	0.129112
269.75	0.128169
270.00	0.127671
270.25	0.125861
270.50	0.124464
270.75	0.124020
271.00	0.124410
271.25	0.122795
271.50	0.122730
271.75	0.121853
272.00	0.121203
272.25	0.120921
272.50	0.120618
272.75	0.120618
273.00	0.118938
273.25	0.119122
273.50	0.119285
273.75	0.118310
274.00	0.117530
274.25	0.116934
274.50	0.118017
274.75	0.116414
275.00	0.116067
275.25	0.115991
275.50	0.114583
275.75	0.116262
276.00	0.115276
276.25	0.115385
276.50	0.114789
276.75	0.114919
277.00	0.114832
277.25	0.115926
277.50	0.116262
277.75	0.115060
278.00	0.116338
278.25	0.116912
278.50	0.115840
278.75	0.116349
279.00	0.117216
279.25	0.117790
279.50	0.119404
279.75	0.117335
280.00	0.117508
280.25	0.118613
280.50	0.117736
280.75	0.118657
281.00	0.120628
281.25	0.119946
281.50	0.120314
281.75	0.121062
282.00	0.120986
282.25	0.122048
282.50	0.121798
282.75	0.123413
283.00	0.124290
283.25	0.123478
283.50	0.124875
283.75	0.126295
284.00	0.127205
284.25	0.126956
284.50	0.126327
284.75	0.127324
285.00	0.128776
285.25	0.128342
285.50	0.129014
285.75	0.130618
286.00	0.131376
286.25	0.132037
286.50	0.131874
286.75	0.132644
287.00	0.133229
287.25	0.133077
287.50	0.134334
287.75	0.135255
288.00	0.136923
288.25	0.135948
288.50	0.137129
288.75	0.135645
289.00	0.137411
289.25	0.137638
289.50	0.137855
289.75	0.139025
290.00	0.137974
290.25	0.137595
290.50	0.138234
290.75	0.138310
291.00	0.138971
291.25	0.138732
291.50	0.139458
291.75	0.138862
292.00	0.138527
292.25	0.138451
292.50	0.139263
292.75	0.138028
293.00	0.137129
293.25	0.136013
293.50	0.135211
293.75	0.134247
294.00	0.134940
294.25	0.134150
294.50	0.131408
294.75	0.131560
295.00	0.132243
295.25	0.131181
295.50	0.129350
295.75	0.130065
296.00	0.128700
296.25	0.128841
296.50	0.127389
296.75	0.126609
297.00	0.125742
297.25	0.125276
297.50	0.124074
297.75	0.123651
298.00	0.123478
298.25	0.121777
298.50	0.119588
298.75	0.118039
299.00	0.116522
299.25	0.117172
299.50	0.116641
299.75	0.113770
300.00	0.113294
300.25	0.112481
300.50	0.110997
300.75	0.109653
301.00	0.108797
301.25	0.107508
301.50	0.107216
301.75	0.104485
302.00	0.104095
302.25	0.102308
302.50	0.103467
302.75	0.101647
303.00	0.098852
303.25	0.098754
303.50	0.097562
303.75	0.097768
304.00	0.095309
304.25	0.094377
304.50	0.093142
304.75	0.091268
305.00	0.090737
305.25	0.089220
305.50	0.088407
305.75	0.088906
306.00	0.086219
306.25	0.085005
306.50	0.085060
306.75	0.084345
307.00	0.082405
307.25	0.081408
307.50	0.081029
307.75	0.080932
308.00	0.079177
308.25	0.079372
308.50	0.078732
308.75	0.077389
309.00	0.076316
309.25	0.076750
309.50	0.075428
309.75	0.079003
310.00	0.076306
310.25	0.075363
310.50	0.074615
310.75	0.072893
311.00	0.070910
311.25	0.071690
311.50	0.072654
311.75	0.072026
312.00	0.075092
312.25	0.076544
312.50	0.073434
312.75	0.077194
313.00	0.070098
313.25	0.074215
313.50	0.071820
313.75	0.073142
314.00	0.067714
314.25	0.073153
314.50	0.071430
314.75	0.075103
315.00	0.073738
315.25	0.071105
315.50	0.075753
315.75	0.073424
316.00	0.077291
316.25	0.077736
316.50	0.078039
316.75	0.079556
317.00	0.076901
317.25	0.080076
317.50	0.080542
317.75	0.078711
318.00	0.078386
318.25	0.082145
318.50	0.085060
318.75	0.081853
319.00	0.082709
319.25	0.081614
319.50	0.085352
319.75	0.087075
320.00	0.085135
320.25	0.088472
320.50	0.089902
320.75	0.093294
321.00	0.093229
321.25	0.094518
321.50	0.091159
321.75	0.096457
322.00	0.092622
322.25	0.096501
322.50	0.096999
322.75	0.095330
323.00	0.098429
323.25	0.096490
323.50	0.095005
323.75	0.098050
324.00	0.097757
324.25	0.094171
324.50	0.093814
324.75	0.095190
325.00	0.094984
325.25	0.095276
325.50	0.093619
325.75	0.095807
326.00	0.093965
326.25	0.093857
326.50	0.092611
326.75	0.093283
327.00	0.092719
327.25	0.088137
327.50	0.086392
327.75	0.087183
328.00	0.088202
328.25	0.089534
328.50	0.085276
328.75	0.083391
329.00	0.080650
329.25	0.084280
329.50	0.081690
329.75	0.077042
330.00	0.078624
330.25	0.079664
330.50	0.078386
330.75	0.074984
331.00	0.072319
331.25	0.073532
331.50	0.075580
331.75	0.070997
332.00	0.071354
332.25	0.068364
332.50	0.070607
332.75	0.068906
333.00	0.063467
333.25	0.063944
333.50	0.061582
333.75	0.060932
334.00	0.064518
334.25	0.059404
334.50	0.057833
334.75	0.056815
335.00	0.057876
335.25	0.054984
335.50	0.053348
335.75	0.054410
336.00	0.056631
336.25	0.052319
336.50	0.053142
336.75	0.050195
337.00	0.052329
337.25	0.050748
337.50	0.046544
337.75	0.047161
338.00	0.044377
338.25	0.047822
338.50	0.044951
338.75	0.042644
339.00	0.044605
339.25	0.044312
339.50	0.039675
339.75	0.041842
340.00	0.038787
340.25	0.039177
340.50	0.037833
340.75	0.038472
341.00	0.037779
341.25	0.036089
341.50	0.038516
341.75	0.035699
342.00	0.034572
342.25	0.035905
342.50	0.033044
342.75	0.033207
343.00	0.032178
343.25	0.032427
343.50	0.033196
343.75	0.029718
344.00	0.031073
344.25	0.028949
344.50	0.028245
344.75	0.031777
345.00	0.029480
345.25	0.028873
345.50	0.027411
345.75	0.029350
346.00	0.026316
346.25	0.027107
346.50	0.026349
346.75	0.027432
347.00	0.027497
347.25	0.027952
347.50	0.026674
347.75	0.026349
348.00	0.026295
348.25	0.025406
348.50	0.025818
348.75	0.025395
349.00	0.024464
349.25	0.025255
349.50	0.024930
349.75	0.025580
350.00	0.025265
350.25	0.025840
350.50	0.024269
350.75	0.021322
351.00	0.023900
351.25	0.024366
351.50	0.024193
351.75	0.023272
352.00	0.022297
352.25	0.021257
352.50	0.022741
352.75	0.024637
353.00	0.023727
353.25	0.023554
353.50	0.023694
353.75	0.024377
354.00	0.021647
354.25	0.021473
354.50	0.023944
354.75	0.021224
355.00	0.022795
355.25	0.023153
355.50	0.022178
355.75	0.020054
356.00	0.023434
356.25	0.023445
356.50	0.021376
356.75	0.021192
357.00	0.022048
357.25	0.021983
357.50	0.022264
357.75	0.021788
358.00	0.023131
358.25	0.021473
358.50	0.023164
358.75	0.021224
359.00	0.021701
359.25	0.021701
359.50	0.021712
359.75	0.022936
360.00	0.021181
360.25	0.021116
360.50	0.022871
360.75	0.022004
361.00	0.019837
361.25	0.021560
361.50	0.021723
361.75	0.021538
362.00	0.020715
362.25	0.023478
362.50	0.020639
362.75	0.021073
363.00	0.021582
363.25	0.020607
363.50	0.019502
363.75	0.020412
364.00	0.021268
364.25	0.020423
364.50	0.021668
364.75	0.022308
365.00	0.021863
365.25	0.020173
365.50	0.021538
365.75	0.021788
366.00	0.020661
366.25	0.022275
366.50	0.019762
366.75	0.021452
367.00	0.020683
367.25	0.021528
367.50	0.019794
367.75	0.019772
368.00	0.022622
368.25	0.021939
368.50	0.020553
368.75	0.019859
369.00	0.021213
369.25	0.021268
369.50	0.022221
369.75	0.020022
370.00	0.022449
370.25	0.020899
370.50	0.021408
370.75	0.020823
371.00	0.019762
371.25	0.021733
371.50	0.022004
371.75	0.022784
372.00	0.020466
372.25	0.021723
372.50	0.021322
372.75	0.021820
373.00	0.021560
373.25	0.021560
373.50	0.021549
373.75	0.021333
374.00	0.022004
374.25	0.021051
374.50	0.019957
374.75	0.021213
375.00	0.020542
375.25	0.023889
375.50	0.020022
375.75	0.020108
376.00	0.019567
376.25	0.020715
376.50	0.023283
376.75	0.022893
377.00	0.021907
377.25	0.020834
377.50	0.021148
377.75	0.020358
378.00	0.019437
378.25	0.020943
378.50	0.021907
378.75	0.019534
379.00	0.022709
379.25	0.022958
379.50	0.021159
379.75	0.020553
380.00	0.021538
380.25	0.021495
380.50	0.021777
380.75	0.021571
381.00	0.021051
381.25	0.019924
381.50	0.021755
381.75	0.020607
382.00	0.019545
382.25	0.019892
382.50	0.018960
382.75	0.017855
383.00	0.020249
383.25	0.020325
383.50	0.020401
383.75	0.019458
384.00	0.019729
384.25	0.019393
384.50	0.018884
384.75	0.019458
385.00	0.018852
385.25	0.018386
385.50	0.017551
385.75	0.019404
386.00	0.019686
386.25	0.018397
386.50	0.019025
386.75	0.018873
387.00	0.017118
387.25	0.017151
387.50	0.017486
387.75	0.017606
388.00	0.017616
388.25	0.016501
388.50	0.017172
388.75	0.016717
389.00	0.017822
389.25	0.017779
389.50	0.017302
389.75	0.017259
390.00	0.017541
390.25	0.016241
390.50	0.016977
390.75	0.016847
391.00	0.016533
391.25	0.016999
391.50	0.018451
391.75	0.015049
392.00	0.015829
392.25	0.014670
392.50	0.016587
392.75	0.016815
393.00	0.015027
393.25	0.016457
393.50	0.015287
393.75	0.016251
394.00	0.016295
394.25	0.015861
394.50	0.015070
394.75	0.015244
395.00	0.016663
395.25	0.016056
395.50	0.017649
395.75	0.016219
396.00	0.015558
396.25	0.016176
396.50	0.015352
396.75	0.016620
397.00	0.016414
397.25	0.015060
397.50	0.016403
397.75	0.015460
398.00	0.015027
398.25	0.014821
398.50	0.015016
398.75	0.015460
399.00	0.014193
399.25	0.014670
399.50	0.015666
399.75	0.015980
400.00	0.015081
400.25	0.014388
400.50	0.015309
400.75	0.015482
401.00	0.016046
401.25	0.016078
401.50	0.014399
401.75	0.014464
402.00	0.016295
402.25	0.015341
402.50	0.016641
402.75	0.014930
403.00	0.014431
403.25	0.014875
403.50	0.014128
403.75	0.015894
404.00	0.014962
404.25	0.013781
404.50	0.013629
404.75	0.014171
405.00	0.014453
405.25	0.015190
405.50	0.014810
405.75	0.013911
406.00	0.014496
406.25	0.015103
406.50	0.016880
406.75	0.016176
407.00	0.015645
407.25	0.015146
407.50	0.015092
407.75	0.014962
408.00	0.016197
408.25	0.015710
408.50	0.014691
408.75	0.015905
409.00	0.017194
409.25	0.015525
409.50	0.015482
409.75	0.015320
410.00	0.016425
410.25	0.016446
410.50	0.016468
410.75	0.016533
411.00	0.016522
411.25	0.016230
411.50	0.017551
411.75	0.015580
412.00	0.016750
412.25	0.017291
412.50	0.017183
412.75	0.017681
413.00	0.017237
413.25	0.017031
413.50	0.015710
413.75	0.017985
414.00	0.017356
414.25	0.018429
414.50	0.017931
414.75	0.018277
415.00	0.018386
415.25	0.018017
415.50	0.018072
415.75	0.017194
416.00	0.018917
416.25	0.018776
416.50	0.019837
416.75	0.018787
417.00	0.019263
417.25	0.019090
417.50	0.020444
417.75	0.020130
418.00	0.020152
418.25	0.020000
418.50	0.020314
418.75	0.020748
419.00	0.020488
419.25	0.021636
419.50	0.021083
419.75	0.022340
420.00	0.021831
420.25	0.022557
420.50	0.023510
420.75	0.023023
421.00	0.023153
421.25	0.023207
421.50	0.023478
421.75	0.024735
422.00	0.024572
422.25	0.023889
422.50	0.025320
422.75	0.025645
423.00	0.027118
423.25	0.026360
423.50	0.027129
423.75	0.027530
424.00	0.027660
424.25	0.029382
424.50	0.028147
424.75	0.029458
425.00	0.029729
425.25	0.028884
425.50	0.029805
425.75	0.030152
426.00	0.031008
426.25	0.031593
426.50	0.032557
426.75	0.032394
427.00	0.033521
427.25	0.034041
427.50	0.034940
427.75	0.034745
428.00	0.036100
428.25	0.035092
428.50	0.037021
428.75	0.038678
429.00	0.038646
429.25	0.038917
429.50	0.039621
429.75	0.040401
430.00	0.040596
430.25	0.041278
430.50	0.042589
430.75	0.043001
431.00	0.042763
431.25	0.043164
431.50	0.043835
431.75	0.046251
432.00	0.044897
432.25	0.047259
432.50	0.048104
432.75	0.048462
433.00	0.049079
433.25	0.049556
433.50	0.050888
433.75	0.051181
434.00	0.051809
434.25	0.052340
434.50	0.052969
434.75	0.053857
435.00	0.053099
435.25	0.055515
435.50	0.055655
435.75	0.057216
436.00	0.058364
436.25	0.059242
436.50	0.060152
436.75	0.060412
437.00	0.061148
437.25	0.062199
437.50	0.063326
437.75	0.063023
438.00	0.064301
438.25	0.065385
438.50	0.065482
438.75	0.066219
439.00	0.066761
439.25	0.067833
439.50	0.068678
439.75	0.070238
440.00	0.070347
440.25	0.071138
440.50	0.072654
440.75	0.074106
441.00	0.073066
441.25	0.073965
441.50	0.075970
441.75	0.075731
442.00	0.076154
442.25	0.078202
442.50	0.077627
442.75	0.078884
443.00	0.079122
443.25	0.079892
443.50	0.081918
443.75	0.082557
444.00	0.084962
444.25	0.085482
444.50	0.086327
444.75	0.086945
445.00	0.087725
445.25	0.089675
445.50	0.090000
445.75	0.091289
446.00	0.093380
446.25	0.093619
446.50	0.094735
446.75	0.095905
447.00	0.095829
447.25	0.099133
447.50	0.101809
447.75	0.102156
448.00	0.103359
448.25	0.105168
448.50	0.107898
448.75	0.108646
449.00	0.109632
449.25	0.110888
449.50	0.111809
449.75	0.115482
450.00	0.116490
450.25	0.119090
450.50	0.119740
450.75	0.122210
451.00	0.124475
451.25	0.126728
451.50	0.128375
451.75	0.129447
452.00	0.133034
452.25	0.134854
452.50	0.135363
452.75	0.139296
453.00	0.140943
453.25	0.143738
453.50	0.146511
453.75	0.148808
454.00	0.152362
454.25	0.153868
454.50	0.155590
454.75	0.159794
455.00	0.159935
455.25	0.160683
455.50	0.164767
455.75	0.167562
456.00	0.171224
456.25	0.172990
456.50	0.176273
456.75	0.180390
457.00	0.181408
457.25	0.185363
457.50	0.189057
457.75	0.193055
458.00	0.195027
458.25	0.199512
458.50	0.202492
458.75	0.206338
459.00	0.208982
459.25	0.211365
459.50	0.215005
459.75	0.218440
460.00	0.223391
460.25	0.225125
460.50	0.228375
460.75	0.231398
461.00	0.236143
461.25	0.238754
461.50	0.241582
461.75	0.246652
462.00	0.249805
462.25	0.252264
462.50	0.256143
462.75	0.259978
463.00	0.262774
463.25	0.265666
463.50	0.268158
463.75	0.272416
464.00	0.274258
464.25	0.276501
464.50	0.279296
464.75	0.282589
465.00	0.285829
465.25	0.288516
465.50	0.290888
465.75	0.292026
466.00	0.296674
466.25	0.297508
466.50	0.301127
466.75	0.301885
467.00	0.305645
467.25	0.306609
467.50	0.309534
467.75	0.312384
468.00	0.313716
468.25	0.316923
468.50	0.318602
468.75	0.320932
469.00	0.322394
469.25	0.322080
469.50	0.326598
469.75	0.329870
470.00	0.330509
470.25	0.330130
470.50	0.333250
470.75	0.334074
471.00	0.335655
471.25	0.336533
471.50	0.338949
471.75	0.338884
472.00	0.342698
472.25	0.344020
472.50	0.346652
472.75	0.347259
473.00	0.349978
473.25	0.349317
473.50	0.352124
473.75	0.353174
474.00	0.356295
474.25	0.356739
474.50	0.358483
474.75	0.361571
475.00	0.362665
475.25	0.365276
475.50	0.366696
475.75	0.370477
476.00	0.372069
476.25	0.375991
476.50	0.377746
476.75	0.381972
477.00	0.384767
477.25	0.386349
477.50	0.390249
477.75	0.391365
478.00	0.396306
478.25	0.400347
478.50	0.403716
478.75	0.408191
479.00	0.411517
479.25	0.414518
479.50	0.416576
479.75	0.421300
480.00	0.427746
480.25	0.431170
480.50	0.434193
480.75	0.439664
481.00	0.445840
481.25	0.450693
481.50	0.454160
481.75	0.459837
482.00	0.467714
482.25	0.472979
482.50	0.478072
482.75	0.482004
483.00	0.489220
483.25	0.495439
483.50	0.501538
483.75	0.508245
484.00	0.515287
484.25	0.523803
484.50	0.530108
484.75	0.536414
485.00	0.545580
485.25	0.552644
485.50	0.561398
485.75	0.570661
486.00	0.575482
486.25	0.584290
486.50	0.592459
486.75	0.600477
487.00	0.609772
487.25	0.619122
487.50	0.627822
487.75	0.635504
488.00	0.646457
488.25	0.655038
488.50	0.665146
488.75	0.675991
489.00	0.683965
489.25	0.693109
489.50	0.702124
489.75	0.712535
490.00	0.720098
490.25	0.731213
490.50	0.743727
490.75	0.753619
491.00	0.761419
491.25	0.770650
491.50	0.781473
491.75	0.790401
492.00	0.800672
492.25	0.810184
492.50	0.818537
492.75	0.829816
493.00	0.839328
493.25	0.849177
493.50	0.856067
493.75	0.865125
494.00	0.875255
494.25	0.882557
494.50	0.891257
494.75	0.900011
495.00	0.903532
495.25	0.906663
495.50	0.917010
495.75	0.923792
496.00	0.929697
496.25	0.938104
496.50	0.943229
496.75	0.951398
497.00	0.958776
497.25	0.964171
497.50	0.969296
497.75	0.971018
498.00	0.975775
498.25	0.982589
498.50	0.987086
498.75	0.988147
499.00	0.994897
499.25	0.989805
499.50	0.993543
499.75	0.996706
500.00	0.996620
500.25	1.000000
500.50	0.997216
500.75	0.999242
501.00	0.995905
501.25	0.993174
501.50	0.986143
501.75	0.985395
502.00	0.980542
502.25	0.980412
502.50	0.974269
502.75	0.964496
503.00	0.959274
503.25	0.954182
503.50	0.945374
503.75	0.938483
504.00	0.927801
504.25	0.919480
504.50	0.910672
504.75	0.901983
505.00	0.894204
505.25	0.880943
505.50	0.869892
505.75	0.858234
506.00	0.848191
506.25	0.833608
506.50	0.822514
506.75	0.807638
507.00	0.797725
507.25	0.784063
507.50	0.771365
507.75	0.754767
508.00	0.742459
508.25	0.725493
508.50	0.712806
508.75	0.696966
509.00	0.683044
509.25	0.667031
509.50	0.652492
509.75	0.637855
510.00	0.622676
510.25	0.610303
510.50	0.596479
510.75	0.578017
511.00	0.563315
511.25	0.549209
511.50	0.535135
511.75	0.518440
512.00	0.503337
512.25	0.490715
512.50	0.475699
512.75	0.461788
513.00	0.448906
513.25	0.436035
513.50	0.423510
513.75	0.410498
514.00	0.397584
514.25	0.384843
514.50	0.371907
514.75	0.360823
515.00	0.349946
515.25	0.337508
515.50	0.322514
515.75	0.309415
516.00	0.295731
516.25	0.283629
516.50	0.273304
516.75	0.261571
517.00	0.253824
517.25	0.243077
517.50	0.235190
517.75	0.226121
518.00	0.218093
518.25	0.207855
518.50	0.202069
518.75	0.195558
519.00	0.186966
519.25	0.181517
519.50	0.174106
519.75	0.166815
520.00	0.160563
520.25	0.154475
520.50	0.147725
520.75	0.142449
521.00	0.137031
521.25	0.131083
521.50	0.127216
521.75	0.120878
522.00	0.116230
522.25	0.112958
522.50	0.107302
522.75	0.104919
523.00	0.098386
523.25	0.096436
523.50	0.091809
523.75	0.088061
524.00	0.084821
524.25	0.079675
524.50	0.076836
524.75	0.074735
525.00	0.071463
525.25	0.069057
525.50	0.065818
525.75	0.062654
526.00	0.059902
526.25	0.057660
526.50	0.055103
526.75	0.053445
527.00	0.051343
527.25	0.048353
527.50	0.045883
527.75	0.044128
528.00	0.042351
528.25	0.040488
528.50	0.039025
528.75	0.038115
529.00	0.035710
529.25	0.035699
529.50	0.033510
529.75	0.032167
530.00	0.029751
530.25	0.028797
530.50	0.027367
530.75	0.026349
531.00	0.024680
531.25	0.025081
531.50	0.024030
531.75	0.022600
532.00	0.019447
532.25	0.019924
532.50	0.019632
532.75	0.020390
533.00	0.017346
533.25	0.017595
533.50	0.016641
533.75	0.017172
534.00	0.015439
534.25	0.014410
534.50	0.014583
534.75	0.013445
535.00	0.014735
535.25	0.014388
535.50	0.013012
535.75	0.012210
536.00	0.012329
536.25	0.011874
536.50	0.010368
536.75	0.011419
537.00	0.009653
537.25	0.009437
537.50	0.009827
537.75	0.009274
538.00	0.010509
538.25	0.010022
538.50	0.009653
538.75	0.008147
539.00	0.009036
539.25	0.008158
539.50	0.007627
539.75	0.007378
540.00	0.007519
540.25	0.006901
540.50	0.006241
540.75	0.006674
541.00	0.006988
541.25	0.008039
541.50	0.009047
541.75	0.006641
542.00	0.007129
542.25	0.006414
542.50	0.005244
542.75	0.005482
543.00	0.004680
543.25	0.005363
543.50	0.006111
543.75	0.006750
544.00	0.005829
544.25	0.005948
544.50	0.005655
544.75	0.004150
545.00	0.004583
545.25	0.004453
545.50	0.004009
545.75	0.004020
546.00	0.005211
546.25	0.004009
546.50	0.003218
546.75	0.004745
547.00	0.005460
547.25	0.005092
547.50	0.003402
547.75	0.004420
548.00	0.004355
548.25	0.003489
548.50	0.004605
548.75	0.003781
549.00	0.004691
549.25	0.004204
549.50	0.003792
549.75	0.004594
550.00	0.004908
550.25	0.005872
550.50	0.004150
550.75	0.004182
551.00	0.001712
551.25	0.003229
551.50	0.003044
551.75	0.005179
552.00	0.003597
552.25	0.004366
552.50	0.006241
552.75	0.003727
553.00	0.003846
553.25	0.003315
553.50	0.004366
553.75	0.005016
554.00	0.003012
554.25	0.003164
554.50	0.003532
554.75	0.004074
555.00	0.003142
555.25	0.003391
555.50	0.004301
555.75	0.003662
556.00	0.003911
556.25	0.002134
556.50	0.002774
556.75	0.001831
557.00	0.004247
557.25	0.003619
557.50	0.003131
557.75	0.003272
558.00	0.003954
558.25	0.005818
558.50	0.004323
558.75	0.002199
559.00	0.001820
559.25	0.003987
559.50	0.002232
559.75	0.003207
560.00	0.003846
560.25	0.003099
560.50	0.002784
560.75	0.004020
561.00	0.002806
561.25	0.003716
561.50	0.004106
561.75	0.003976
562.00	0.002828
562.25	0.002784
562.50	0.003651
562.75	0.001517
563.00	0.002665
563.25	0.002600
563.50	0.004106
563.75	0.003380
564.00	0.003749
564.25	0.002936
564.50	0.003586
564.75	0.002568
565.00	0.001614
565.25	0.003543
565.50	0.002329
565.75	0.003770
566.00	0.004247
566.25	0.003359
566.50	0.003294
566.75	0.002839
567.00	0.003272
567.25	0.003164
567.50	0.003640
567.75	0.002004
568.00	0.003185
568.25	0.002394
568.50	0.001170
568.75	0.002243
569.00	0.002297
569.25	0.003846
569.50	0.002492
569.75	0.002687
570.00	0.000726
570.25	0.002459
570.50	0.001701
570.75	0.002514
571.00	0.001116
571.25	0.002091
571.50	0.002611
571.75	0.001138
572.00	0.003001
572.25	0.000932
572.50	0.003023
572.75	0.001668
573.00	0.002210
573.25	0.002189
573.50	0.001658
573.75	0.002871
574.00	0.001148
574.25	0.000314
574.50	0.002134
574.75	0.002026
575.00	0.002665
575.25	0.001268
575.50	0.002297
575.75	0.000520
576.00	0.002990
576.25	0.002221
576.50	0.001831
576.75	0.002373
577.00	0.001289
577.25	0.002860
577.50	0.002048
577.75	0.002763
578.00	0.001452
578.25	0.001571
578.50	0.001441
578.75	0.002427
579.00	0.002091
579.25	0.001365
579.50	0.001950
579.75	0.000282
580.00	0.001712
580.25	0.001874
580.50	0.001343
580.75	0.003239
581.00	0.001809
581.25	0.003597
581.50	0.001907
581.75	0.002297
582.00	0.001419
582.25	0.001018
582.50	0.002167
582.75	0.001463
583.00	0.001582
583.25	0.001408
583.50	0.002730
583.75	0.002373
584.00	0.001376
584.25	0.002329
584.50	0.001571
584.75	0.002774
585.00	0.001809
585.25	0.001788
585.50	0.001690
585.75	0.001192
586.00	0.002427
586.25	0.001690
586.50	0.002275
586.75	0.002080
587.00	0.002795
587.25	0.002904
587.50	0.002514
587.75	0.002026
588.00	0.001484
588.25	0.001993
588.50	0.001560
588.75	0.002297
589.00	0.001853
589.25	0.001863
589.50	0.001701
589.75	0.002243
590.00	0.002329
590.25	0.001506
590.50	0.001972
590.75	0.000888
591.00	0.002535
591.25	0.001820
591.50	0.001159
591.75	0.003239
592.00	0.001484
592.25	0.002080
592.50	0.002340
592.75	0.003944
593.00	0.001961
593.25	0.001842
593.50	0.001506
593.75	0.001473
594.00	0.002048
594.25	-0.000379
594.50	0.002091
594.75	0.002459
595.00	0.001744
595.25	0.003337
595.50	0.002102
595.75	0.002774
596.00	0.001777
596.25	0.000802
596.50	0.002340
596.75	0.002124
597.00	0.002459
597.25	0.002189
597.50	0.004106
597.75	0.001430
598.00	0.002947
598.25	0.002481
598.50	0.002275
598.75	0.001863
599.00	0.001343
599.25	0.002546
599.50	0.000986
599.75	0.002839
600.00	0.002243
600.25	0.002860
600.50	0.002546
600.75	0.001105
601.00	0.003185
601.25	0.002557
601.50	0.001658
601.75	0.001831
602.00	0.001712
602.25	0.001874
602.50	0.001311
602.75	0.003055
603.00	0.001246
603.25	0.002979
603.50	0.003218
603.75	0.002633
604.00	0.001885
604.25	0.000823
604.50	0.002492
604.75	0.000932
605.00	0.002199
605.25	0.001484
605.50	0.001874
605.75	0.002806
606.00	0.002828
606.25	0.002795
606.50	0.001744
606.75	0.002839
607.00	0.002914
607.25	0.001755
607.50	0.002254
607.75	0.001658
608.00	0.001777
608.25	0.002384
608.50	0.001777
608.75	0.002319
609.00	0.003066
609.25	0.002741
609.50	0.002264
609.75	0.001918
610.00	0.001246
610.25	0.002124
610.50	0.001073
610.75	0.000997
611.00	0.001668
611.25	0.003337
611.50	0.003608
611.75	0.001863
612.00	0.001647
612.25	0.001517
612.50	0.002199
612.75	0.001289
613.00	0.001712
613.25	0.002134
613.50	0.001322
613.75	0.002449
614.00	0.001636
614.25	0.002524
614.50	0.002925
614.75	0.002059
615.00	0.002384
615.25	0.001983
615.50	0.001820
615.75	0.002015
616.00	0.002113
616.25	0.001863
616.50	0.000943
616.75	0.002568
617.00	0.002286
617.25	0.002698
617.50	0.001170
617.75	0.001690
618.00	0.001582
618.25	0.000780
618.50	0.001593
618.75	0.001300
619.00	0.002665
619.25	0.003109
619.50	0.003315
619.75	0.003575
620.00	0.002470
620.25	0.003922
620.50	0.001159
620.75	0.001928
621.00	0.000596
621.25	0.002124
621.50	0.001885
621.75	0.002351
622.00	0.002719
622.25	0.001798
622.50	0.002925
622.75	0.001733
623.00	0.002709
623.25	0.002286
623.50	0.001972
623.75	0.002199
624.00	0.000975
624.25	0.002124
624.50	0.001842
624.75	0.003120
625.00	0.001517
625.25	0.002589
625.50	0.001831
625.75	0.003077
626.00	0.001853
626.25	0.002297
626.50	0.002124
626.75	0.002839
627.00	0.002687
627.25	0.001593
627.50	0.002102
627.75	0.002427
628.00	0.003738
628.25	0.002589
628.50	0.001712
628.75	0.001918
629.00	0.001993
629.25	0.001809
629.50	0.001939
629.75	0.001116
630.00	0.002492
630.25	0.001636
630.50	0.001961
630.75	0.002514
631.00	0.002709
631.25	0.003001
631.50	0.002210
631.75	0.003326
632.00	0.000108
632.25	0.001268
632.50	0.001983
632.75	0.001365
633.00	0.001701
633.25	0.001138
633.50	0.001928
633.75	0.002221
634.00	0.002514
634.25	0.001593
634.50	0.001495
634.75	0.001658
635.00	0.001798
635.25	0.000542
635.50	0.000813
635.75	0.002059
636.00	0.002546
636.25	0.001701
636.50	0.000531
636.75	0.001777
637.00	0.002481
637.25	0.002232
637.50	0.002568
637.75	0.001950
638.00	0.001744
638.25	0.001777
638.50	0.000823
638.75	0.001354
639.00	0.002134
639.25	0.002254
639.50	0.002124
639.75	0.002124
640.00	0.001993
640.25	0.002579
640.50	0.001701
640.75	0.000758
641.00	0.000022
641.25	-0.000195
641.50	0.001636
641.75	0.001213
642.00	0.002134
642.25	0.001679
642.50	0.001311
642.75	0.002470
643.00	0.001181
643.25	0.001105
643.50	0.000260
643.75	0.001528
644.00	0.001376
644.25	0.000867
644.50	0.000520
644.75	0.002037
645.00	0.000065
645.25	0.001658
645.50	0.001690
645.75	0.000228
646.00	0.001571
646.25	0.001538
646.50	0.001896
646.75	0.001755
647.00	0.001950
647.25	-0.000054
647.50	0.001159
647.75	0.000455
648.00	0.000358
648.25	0.002037
648.50	0.001148
648.75	0.001408
649.00	0.001777
649.25	0.001853
649.50	0.000347
649.75	0.002524
650.00	0.000607
650.25	0.001777
650.50	0.000303
650.75	-0.000520
651.00	0.001051
651.25	0.000845
651.50	0.001798
651.75	0.000726
652.00	0.002113
652.25	0.002080
652.50	0.003055
652.75	0.001842
653.00	0.001755
653.25	0.001484
653.50	-0.000271
653.75	0.000845
654.00	0.000639
654.25	0.001939
654.50	0.001235
654.75	0.000206
655.00	0.001788
655.25	0.000054
655.50	0.002232
655.75	0.001484
656.00	0.001333
656.25	0.000152
656.50	0.001755
656.75	0.001062
657.00	0.000715
657.25	0.000823
657.50	-0.000065
657.75	0.002535
658.00	0.001430
658.25	0.001192
658.50	0.001203
658.75	0.001354
659.00	0.002275
659.25	0.001636
659.50	0.000509
659.75	0.000791
660.00	0.000975
660.25	0.000498
660.50	0.000791
660.75	0.000412
661.00	0.000228
661.25	0.001549
661.50	0.000152
661.75	0.001138
662.00	0.001257
662.25	0.002665
662.50	0.002654
662.75	-0.000141
663.00	0.000910
663.25	0.001528
663.50	0.000303
663.75	0.001571
664.00	0.000022
664.25	0.000141
664.50	0.000195
664.75	0.000098
665.00	0.001658
665.25	0.000000
665.50	0.002394
665.75	0.000769
666.00	0.000899
666.25	0.000867
666.50	0.002579
666.75	0.001062
667.00	0.001203
667.25	0.001062
667.50	0.000509
667.75	0.000282
668.00	0.001159
668.25	0.001853
668.50	0.001083
668.75	0.001983
669.00	0.001983
669.25	-0.000108
669.50	0.002254
669.75	0.001278
670.00	0.001777
670.25	0.000661
670.50	0.000347
670.75	0.000303
671.00	0.000249
671.25	0.001343
671.50	-0.001029
671.75	0.001950
672.00	0.001062
672.25	0.002189
672.50	0.000813
672.75	0.001744
673.00	0.002232
673.25	0.000748
673.50	0.001495
673.75	0.000813
674.00	0.002795
674.25	0.001116
674.50	0.002503
674.75	0.001723
675.00	0.000412
675.25	0.000303
675.50	-0.000173
675.75	0.001744
676.00	0.001647
676.25	0.000401
676.50	0.002254
676.75	0.001116
677.00	0.001744
677.25	0.001127
677.50	0.000693
677.75	0.002329
678.00	0.001744
678.25	0.000802
678.50	0.000867
678.75	0.001820
679.00	0.000249
679.25	0.000585
679.50	0.000358
679.75	0.000715
680.00	0.002470
680.25	0.001744
680.50	0.001560
680.75	0.001073
681.00	0.002654
681.25	0.001268
681.50	0.001874
681.75	0.001484
682.00	0.001831
682.25	0.002059
682.50	0.000758
682.75	0.001668
683.00	0.001463
683.25	0.001939
683.50	0.001235
683.75	0.000455
684.00	0.002156
684.25	0.000672
684.50	0.003034
684.75	0.002459
685.00	0.002059
685.25	0.001073
685.50	0.000412
685.75	0.001983
686.00	0.000813
686.25	0.001766
686.50	0.001040
686.75	0.002069
687.00	0.001874
687.25	0.000228
687.50	0.001170
687.75	0.001517
688.00	0.001105
688.25	0.001213
688.50	0.001387
688.75	0.002286
689.00	0.002275
689.25	0.002102
689.50	0.001181
689.75	0.000823
690.00	0.001571
690.25	0.002394
690.50	0.000953
690.75	0.001733
691.00	0.001473
691.25	0.001062
691.50	0.000888
691.75	0.001896
692.00	0.001365
692.25	0.001972
692.50	0.001213
692.75	0.002102
693.00	0.001755
693.25	0.003369
693.50	0.000574
693.75	-0.000282
694.00	0.000488
694.25	0.001907
694.50	0.000856
694.75	0.001408
695.00	0.001733
695.25	0.002080
695.50	0.001116
695.75	0.001603
696.00	0.001062
696.25	0.000488
696.50	0.002514
696.75	0.001127
697.00	0.000314
697.25	0.000823
697.50	0.001549
697.75	0.001528
698.00	0.001831
698.25	0.000780
698.50	0.001192
698.75	0.002113
699.00	0.001235
699.25	0.000228
699.50	0.001473
699.75	0.000986
700.00	0.000921
700.25	0.001701
700.50	0.001744
700.75	0.001289
701.00	0.001950
701.25	0.001354
701.50	0.001473
701.75	0.000531
702.00	0.001311
702.25	-0.000249
702.50	0.003391
702.75	0.001419
703.00	0.000867
703.25	0.002449
703.50	0.001333
703.75	0.000834
704.00	0.001842
704.25	0.001560
704.50	0.001213
704.75	0.001365
705.00	0.000628
705.25	0.001029
705.50	0.001148
705.75	0.000899
706.00	0.001018
706.25	0.000412
706.50	0.001647
706.75	0.001322
707.00	0.001441
707.25	0.001571
707.50	0.000639
707.75	0.001928
708.00	0.000358
708.25	0.000910
708.50	0.002134
708.75	0.002752
709.00	0.001040
709.25	0.000704
709.50	0.001690
709.75	0.000303
710.00	0.001744
710.25	0.000899
710.50	0.001495
710.75	0.000867
711.00	0.001983
711.25	0.001257
711.50	0.001636
711.75	0.001549
712.00	0.000000
712.25	0.001896
712.50	0.001268
712.75	0.001560
713.00	0.001809
713.25	0.000368
713.50	0.002882
713.75	0.001213
714.00	0.001311
714.25	0.000813
714.50	0.001538
714.75	0.000975
715.00	0.001874
715.25	0.001322
715.50	0.001679
715.75	0.001603
716.00	0.001083
716.25	0.001203
716.50	0.000943
716.75	0.001343
717.00	0.001300
717.25	0.001744
717.50	0.001972
717.75	0.001593
718.00	0.000423
718.25	0.001679
718.50	0.001029
718.75	0.001918
719.00	0.001701
719.25	-0.000358
719.50	0.000975
719.75	0.001647
720.00	0.001528
